Jan 01,8849.5,06:40:29.4,-03:04.9,18 43 33.32,-23 03 31.8,0.983293,1951.9,70.9,-2.9,2.3
Jan 02,8850.5,06:44:26.0,-03:33.3,18 47 58.33,-22 58 42.3,0.983273,1951.9,57.7,-3.1,1.8
Jan 03,8851.5,06:48:22.5,-04:01.5,18 52 22.99,-22 53 25.3,0.983258,1951.9,44.5,-3.2,1.4
Jan 04,8852.5,06:52:19.1,-04:29.2,18 56 47.27,-22 47 40.9,0.983248,1952.0,31.4,-3.3,0.9
Jan 05,8853.5,06:56:15.6,-04:56.5,19 01 11.16,-22 41 29.4,0.983244,1952.0,18.2,-3.4,0.4
Jan 06,8854.5,07:00:12.2,-05:23.4,19 05 34.61,-22 34 50.9,0.983245,1952.0, 5.0,-3.5,-0.1
Jan 07,8855.5,07:04:08.8,-05:49.8,19 09 57.60,-22 27 45.5,0.983252,1952.0,351.9,-3.6,-0.6
Jan 08,8856.5,07:08:05.3,-06:15.8,19 14 20.12,-22 20 13.6,0.983264,1951.9,338.7,-3.7,-1.1
Jan 09,8857.5,07:12:01.9,-06:41.2,19 18 42.12,-22 12 15.4,0.983284,1951.9,325.5,-3.8,-1.5
Jan 10,8858.5,07:15:58.4,-07:06.2,19 23 03.60,-22 03 51.0,0.983309,1951.8,312.3,-4.0,-2.0
Jan 11,8859.5,07:19:55.0,-07:30.5,19 27 24.54,-21 55 00.8,0.983341,1951.8,299.2,-4.1,-2.5
Jan 12,8860.5,07:23:51.5,-07:54.3,19 31 44.89,-21 45 45.0,0.983380,1951.7,286.0,-4.2,-3.0
Jan 13,8861.5,07:27:48.1,-08:17.5,19 36 04.66,-21 36 03.9,0.983425,1951.6,272.8,-4.3,-3.5
Jan 14,8862.5,07:31:44.6,-08:40.1,19 40 23.82,-21 25 57.7,0.983476,1951.5,259.7,-4.4,-3.9
Jan 15,8863.5,07:35:41.2,-09:02.1,19 44 42.35,-21 15 26.7,0.983534,1951.4,246.5,-4.5,-4.4
Jan 16,8864.5,07:39:37.8,-09:23.5,19 49 00.25,-21 04 31.1,0.983598,1951.3,233.3,-4.6,-4.9
Jan 17,8865.5,07:43:34.3,-09:44.2,19 53 17.50,-20 53 11.3,0.983667,1951.1,220.2,-4.7,-5.3
Jan 18,8866.5,07:47:30.9,-10:04.2,19 57 34.07,-20 41 27.6,0.983741,1951.0,207.0,-4.8,-5.8
Jan 19,8867.5,07:51:27.4,-10:23.5,20 01 49.97,-20 29 20.3,0.983820,1950.8,193.8,-4.9,-6.3
Jan 20,8868.5,07:55:24.0,-10:42.2,20 06 05.16,-20 16 49.6,0.983904,1950.7,180.7,-5.0,-6.7
Jan 21,8869.5,07:59:20.5,-11:00.1,20 10 19.64,-20 03 56.0,0.983992,1950.5,167.5,-5.1,-7.2
Jan 22,8870.5,08:03:17.1,-11:17.3,20 14 33.39,-19 50 39.9,0.984084,1950.3,154.3,-5.2,-7.6
Jan 23,8871.5,08:07:13.6,-11:33.7,20 18 46.39,-19 37 01.5,0.984179,1950.1,141.2,-5.2,-8.1
Jan 24,8872.5,08:11:10.2,-11:49.4,20 22 58.62,-19 23 01.2,0.984278,1949.9,128.0,-5.3,-8.5
Jan 25,8873.5,08:15:06.8,-12:04.3,20 27 10.07,-19 08 39.4,0.984381,1949.7,114.8,-5.4,-9.0
Jan 26,8874.5,08:19:03.3,-12:18.4,20 31 20.72,-18 53 56.6,0.984487,1949.5,101.7,-5.5,-9.4
Jan 27,8875.5,08:22:59.9,-12:31.6,20 35 30.58,-18 38 53.0,0.984596,1949.3,88.5,-5.6,-9.8
Jan 28,8876.5,08:26:56.4,-12:44.1,20 39 39.62,-18 23 29.0,0.984709,1949.1,75.3,-5.7,-10.3
Jan 29,8877.5,08:30:53.0,-12:55.8,20 43 47.83,-18 07 45.2,0.984826,1948.8,62.2,-5.7,-10.7
Jan 30,8878.5,08:34:49.5,-13:06.6,20 47 55.23,-17 51 41.7,0.984946,1948.6,49.0,-5.8,-11.1
Jan 31,8879.5,08:38:46.1,-13:16.7,20 52 01.79,-17 35 19.1,0.985071,1948.4,35.8,-5.9,-11.5
Feb 01,8880.5,08:42:42.6,-13:25.8,20 56 07.51,-17 18 37.8,0.985199,1948.1,22.7,-6.0,-11.9
Feb 02,8881.5,08:46:39.2,-13:34.2,21 00 12.41,-17 01 38.1,0.985332,1947.8, 9.5,-6.0,-12.3
Feb 03,8882.5,08:50:35.8,-13:41.7,21 04 16.47,-16 44 20.5,0.985469,1947.6,356.3,-6.1,-12.7
Feb 04,8883.5,08:54:32.3,-13:48.3,21 08 19.69,-16 26 45.4,0.985611,1947.3,343.2,-6.2,-13.1
Feb 05,8884.5,08:58:28.9,-13:54.2,21 12 22.10,-16 08 53.2,0.985757,1947.0,330.0,-6.2,-13.5
Feb 06,8885.5,09:02:25.4,-13:59.2,21 16 23.67,-15 50 44.3,0.985909,1946.7,316.8,-6.3,-13.9
Feb 07,8886.5,09:06:22.0,-14:03.4,21 20 24.43,-15 32 19.3,0.986066,1946.4,303.7,-6.4,-14.3
Feb 08,8887.5,09:10:18.5,-14:06.8,21 24 24.37,-15 13 38.3,0.986228,1946.1,290.5,-6.4,-14.7
Feb 09,8888.5,09:14:15.1,-14:09.4,21 28 23.52,-14 54 42.0,0.986396,1945.7,277.3,-6.5,-15.1
Feb 10,8889.5,09:18:11.6,-14:11.2,21 32 21.87,-14 35 30.7,0.986570,1945.4,264.2,-6.5,-15.4
Feb 11,8890.5,09:22:08.2,-14:12.2,21 36 19.44,-14 16 04.7,0.986749,1945.0,251.0,-6.6,-15.8
Feb 12,8891.5,09:26:04.7,-14:12.4,21 40 16.24,-13 56 24.5,0.986934,1944.7,237.8,-6.7,-16.1
Feb 13,8892.5,09:30:01.3,-14:11.9,21 44 12.29,-13 36 30.4,0.987124,1944.3,224.7,-6.7,-16.5
Feb 14,8893.5,09:33:57.9,-14:10.7,21 48 07.61,-13 16 22.9,0.987319,1943.9,211.5,-6.8,-16.8
Feb 15,8894.5,09:37:54.4,-14:08.8,21 52 02.20,-12 56 02.3,0.987518,1943.5,198.3,-6.8,-17.2
Feb 16,8895.5,09:41:51.0,-14:06.1,21 55 56.10,-12 35 29.0,0.987721,1943.1,185.2,-6.8,-17.5
Feb 17,8896.5,09:45:47.5,-14:02.7,21 59 49.28,-12 14 43.4,0.987928,1942.7,172.0,-6.9,-17.9
Feb 18,8897.5,09:49:44.1,-13:58.7,22 03 41.79,-11 53 46.0,0.988138,1942.3,158.8,-6.9,-18.2
Feb 19,8898.5,09:53:40.6,-13:53.9,22 07 33.61,-11 32 37.2,0.988352,1941.9,145.7,-7.0,-18.5
Feb 20,8899.5,09:57:37.2,-13:48.5,22 11 24.77,-11 11 17.4,0.988567,1941.5,132.5,-7.0,-18.8
Feb 21,8900.5,10:01:33.7,-13:42.5,22 15 15.26,-10 49 47.1,0.988786,1941.0,119.3,-7.0,-19.1
Feb 22,8901.5,10:05:30.3,-13:35.8,22 19 05.12,-10 28 06.6,0.989006,1940.6,106.2,-7.1,-19.4
Feb 23,8902.5,10:09:26.9,-13:28.4,22 22 54.33,-10 06 16.3,0.989229,1940.2,93.0,-7.1,-19.7
Feb 24,8903.5,10:13:23.4,-13:20.5,22 26 42.93,-09 44 16.8,0.989453,1939.7,79.8,-7.1,-20.0
Feb 25,8904.5,10:17:20.0,-13:11.9,22 30 30.90,-09 22 08.4,0.989680,1939.3,66.7,-7.1,-20.3
Feb 26,8905.5,10:21:16.5,-13:02.7,22 34 18.28,-08 59 51.5,0.989908,1938.8,53.5,-7.2,-20.6
Feb 27,8906.5,10:25:13.1,-12:53.0,22 38 05.09,-08 37 26.6,0.990138,1938.4,40.3,-7.2,-20.8
Feb 28,8907.5,10:29:09.6,-12:42.7,22 41 51.32,-08 14 54.1,0.990370,1937.9,27.1,-7.2,-21.1
Feb 29,8908.5,10:33:06.2,-12:31.8,22 45 37.00,-07 52 14.3,0.990605,1937.5,14.0,-7.2,-21.4
Mar 01,8909.5,10:37:02.7,-12:20.4,22 49 22.15,-07 29 27.7,0.990841,1937.0, 0.8,-7.2,-21.6
Mar 02,8910.5,10:40:59.3,-12:08.5,22 53 06.78,-07 06 34.7,0.991079,1936.5,347.6,-7.2,-21.9
Mar 03,8911.5,10:44:55.9,-11:56.1,22 56 50.92,-06 43 35.8,0.991320,1936.1,334.4,-7.2,-22.1
Mar 04,8912.5,10:48:52.4,-11:43.1,23 00 34.57,-06 20 31.2,0.991564,1935.6,321.3,-7.2,-22.3
Mar 05,8913.5,10:52:49.0,-11:29.8,23 04 17.75,-05 57 21.5,0.991810,1935.1,308.1,-7.2,-22.6
Mar 06,8914.5,10:56:45.5,-11:16.0,23 08 00.49,-05 34 07.0,0.992060,1934.6,294.9,-7.2,-22.8
Mar 07,8915.5,11:00:42.1,-11:01.7,23 11 42.81,-05 10 48.1,0.992312,1934.1,281.7,-7.2,-23.0
Mar 08,8916.5,11:04:38.6,-10:47.1,23 15 24.73,-04 47 25.3,0.992568,1933.6,268.6,-7.2,-23.2
Mar 09,8917.5,11:08:35.2,-10:32.1,23 19 06.26,-04 23 58.8,0.992828,1933.1,255.4,-7.2,-23.4
Mar 10,8918.5,11:12:31.7,-10:16.7,23 22 47.43,-04 00 29.0,0.993091,1932.6,242.2,-7.2,-23.6
Mar 11,8919.5,11:16:28.3,-10:01.0,23 26 28.28,-03 36 56.4,0.993358,1932.1,229.0,-7.2,-23.8
Mar 12,8920.5,11:20:24.9,-09:45.0,23 30 08.82,-03 13 21.1,0.993628,1931.6,215.9,-7.2,-24.0
Mar 13,8921.5,11:24:21.4,-09:28.7,23 33 49.09,-02 49 43.5,0.993902,1931.0,202.7,-7.2,-24.1
Mar 14,8922.5,11:28:18.0,-09:12.2,23 37 29.11,-02 26 04.0,0.994178,1930.5,189.5,-7.2,-24.3
Mar 15,8923.5,11:32:14.5,-08:55.4,23 41 08.90,-02 02 22.9,0.994457,1930.0,176.3,-7.2,-24.5
Mar 16,8924.5,11:36:11.1,-08:38.4,23 44 48.48,-01 38 40.7,0.994737,1929.4,163.1,-7.1,-24.6
Mar 17,8925.5,11:40:07.6,-08:21.3,23 48 27.88,-01 14 57.6,0.995020,1928.9,150.0,-7.1,-24.8
Mar 18,8926.5,11:44:04.2,-08:03.9,23 52 07.10,-00 51 14.0,0.995303,1928.3,136.8,-7.1,-24.9
Mar 19,8927.5,11:48:00.7,-07:46.4,23 55 46.17,-00 27 30.3,0.995588,1927.8,123.6,-7.1,-25.0
Mar 20,8928.5,11:51:57.3,-07:28.8,23 59 25.10,-00 03 47.0,0.995873,1927.2,110.4,-7.0,-25.2
Mar 21,8929.5,11:55:53.9,-07:11.1,00 03 03.92,+00 19 55.8,0.996158,1926.7,97.2,-7.0,-25.3
Mar 22,8930.5,11:59:50.4,-06:53.2,00 06 42.64,+00 43 37.4,0.996443,1926.1,84.0,-7.0,-25.4
Mar 23,8931.5,12:03:47.0,-06:35.3,00 10 21.28,+01 07 17.7,0.996728,1925.6,70.9,-6.9,-25.5
Mar 24,8932.5,12:07:43.5,-06:17.4,00 13 59.85,+01 30 56.2,0.997013,1925.0,57.7,-6.9,-25.6
Mar 25,8933.5,12:11:40.1,-05:59.3,00 17 38.38,+01 54 32.5,0.997298,1924.5,44.5,-6.9,-25.7
Mar 26,8934.5,12:15:36.6,-05:41.3,00 21 16.88,+02 18 06.3,0.997582,1923.9,31.3,-6.8,-25.8
Mar 27,8935.5,12:19:33.2,-05:23.3,00 24 55.38,+02 41 37.2,0.997865,1923.4,18.1,-6.8,-25.9
Mar 28,8936.5,12:23:29.7,-05:05.2,00 28 33.88,+03 05 04.8,0.998148,1922.8, 4.9,-6.7,-25.9
Mar 29,8937.5,12:27:26.3,-04:47.2,00 32 12.41,+03 28 28.8,0.998431,1922.3,351.7,-6.7,-26.0
Mar 30,8938.5,12:31:22.9,-04:29.2,00 35 50.98,+03 51 48.7,0.998713,1921.7,338.5,-6.6,-26.1
Mar 31,8939.5,12:35:19.4,-04:11.3,00 39 29.62,+04 15 04.3,0.998995,1921.2,325.4,-6.6,-26.1
Apr 01,8940.5,12:39:16.0,-03:53.4,00 43 08.33,+04 38 15.2,0.999276,1920.7,312.2,-6.5,-26.2
Apr 02,8941.5,12:43:12.5,-03:35.7,00 46 47.14,+05 01 20.9,0.999558,1920.1,299.0,-6.5,-26.2
Apr 03,8942.5,12:47:09.1,-03:18.0,00 50 26.06,+05 24 21.1,0.999839,1919.6,285.8,-6.4,-26.2
Apr 04,8943.5,12:51:05.6,-03:00.5,00 54 05.11,+05 47 15.5,1.000121,1919.0,272.6,-6.4,-26.2
Apr 05,8944.5,12:55:02.2,-02:43.2,00 57 44.31,+06 10 03.8,1.000404,1918.5,259.4,-6.3,-26.3
Apr 06,8945.5,12:58:58.7,-02:26.0,01 01 23.68,+06 32 45.5,1.000688,1917.9,246.2,-6.2,-26.3
Apr 07,8946.5,13:02:55.3,-02:09.0,01 05 03.24,+06 55 20.3,1.000973,1917.4,233.0,-6.2,-26.3
Apr 08,8947.5,13:06:51.8,-01:52.3,01 08 43.03,+07 17 48.0,1.001259,1916.8,219.8,-6.1,-26.3
Apr 09,8948.5,13:10:48.4,-01:35.7,01 12 23.05,+07 40 08.2,1.001546,1916.3,206.6,-6.0,-26.2
Apr 10,8949.5,13:14:45.0,-01:19.5,01 16 03.35,+08 02 20.7,1.001834,1915.7,193.4,-6.0,-26.2
Apr 11,8950.5,13:18:41.5,-01:03.5,01 19 43.93,+08 24 25.2,1.002123,1915.2,180.2,-5.9,-26.2
Apr 12,8951.5,13:22:38.1,-00:47.8,01 23 24.82,+08 46 21.3,1.002412,1914.6,167.0,-5.8,-26.1
Apr 13,8952.5,13:26:34.6,-00:32.5,01 27 06.04,+09 08 08.8,1.002702,1914.1,153.8,-5.7,-26.1
Apr 14,8953.5,13:30:31.2,-00:17.5,01 30 47.60,+09 29 47.2,1.002991,1913.5,140.6,-5.7,-26.1
Apr 15,8954.5,13:34:27.7,-00:02.9,01 34 29.51,+09 51 16.3,1.003279,1913.0,127.4,-5.6,-26.0
Apr 16,8955.5,13:38:24.3,+00:11.4,01 38 11.80,+10 12 35.7,1.003567,1912.4,114.2,-5.5,-25.9
Apr 17,8956.5,13:42:20.8,+00:25.3,01 41 54.47,+10 33 45.0,1.003853,1911.9,101.0,-5.4,-25.9
Apr 18,8957.5,13:46:17.4,+00:38.8,01 45 37.54,+10 54 44.0,1.004137,1911.4,87.8,-5.3,-25.8
Apr 19,8958.5,13:50:14.0,+00:51.9,01 49 21.02,+11 15 32.3,1.004419,1910.8,74.6,-5.3,-25.7
Apr 20,8959.5,13:54:10.5,+01:04.5,01 53 04.92,+11 36 09.5,1.004699,1910.3,61.4,-5.2,-25.6
Apr 21,8960.5,13:58:07.1,+01:16.7,01 56 49.26,+11 56 35.3,1.004977,1909.8,48.1,-5.1,-25.5
Apr 22,8961.5,14:02:03.6,+01:28.5,02 00 34.05,+12 16 49.4,1.005251,1909.2,34.9,-5.0,-25.4
Apr 23,8962.5,14:06:00.2,+01:39.8,02 04 19.29,+12 36 51.4,1.005523,1908.7,21.7,-4.9,-25.3
Apr 24,8963.5,14:09:56.7,+01:50.6,02 08 04.99,+12 56 40.9,1.005792,1908.2, 8.5,-4.8,-25.1
Apr 25,8964.5,14:13:53.3,+02:01.0,02 11 51.17,+13 16 17.7,1.006059,1907.7,355.3,-4.7,-25.0
Apr 26,8965.5,14:17:49.8,+02:10.9,02 15 37.84,+13 35 41.3,1.006322,1907.2,342.1,-4.6,-24.9
Apr 27,8966.5,14:21:46.4,+02:20.3,02 19 24.99,+13 54 51.5,1.006582,1906.7,328.9,-4.5,-24.7
Apr 28,8967.5,14:25:43.0,+02:29.2,02 23 12.63,+14 13 47.9,1.006839,1906.2,315.7,-4.4,-24.6
Apr 29,8968.5,14:29:39.5,+02:37.6,02 27 00.78,+14 32 30.1,1.007093,1905.7,302.5,-4.3,-24.4
Apr 30,8969.5,14:33:36.1,+02:45.5,02 30 49.43,+14 50 57.8,1.007344,1905.3,289.2,-4.2,-24.2
May 01,8970.5,14:37:32.6,+02:52.9,02 34 38.59,+15 09 10.7,1.007594,1904.8,276.0,-4.1,-24.0
May 02,8971.5,14:41:29.2,+02:59.8,02 38 28.27,+15 27 08.5,1.007840,1904.3,262.8,-4.0,-23.9
May 03,8972.5,14:45:25.7,+03:06.2,02 42 18.47,+15 44 50.8,1.008085,1903.9,249.6,-3.9,-23.7
May 04,8973.5,14:49:22.3,+03:12.0,02 46 09.19,+16 02 17.3,1.008328,1903.4,236.4,-3.8,-23.5
May 05,8974.5,14:53:18.8,+03:17.3,02 50 00.46,+16 19 27.7,1.008570,1903.0,223.1,-3.7,-23.3
May 06,8975.5,14:57:15.4,+03:22.0,02 53 52.27,+16 36 21.7,1.008810,1902.5,209.9,-3.6,-23.1
May 07,8976.5,15:01:12.0,+03:26.2,02 57 44.65,+16 52 59.1,1.009050,1902.0,196.7,-3.5,-22.8
May 08,8977.5,15:05:08.5,+03:29.8,03 01 37.59,+17 09 19.5,1.009288,1901.6,183.5,-3.4,-22.6
May 09,8978.5,15:09:05.1,+03:32.8,03 05 31.11,+17 25 22.8,1.009525,1901.2,170.3,-3.3,-22.4
May 10,8979.5,15:13:01.6,+03:35.3,03 09 25.21,+17 41 08.7,1.009760,1900.7,157.0,-3.2,-22.1
May 11,8980.5,15:16:58.2,+03:37.2,03 13 19.90,+17 56 36.9,1.009994,1900.3,143.8,-3.1,-21.9
May 12,8981.5,15:20:54.7,+03:38.5,03 17 15.17,+18 11 47.0,1.010226,1899.8,130.6,-3.0,-21.6
May 13,8982.5,15:24:51.3,+03:39.2,03 21 11.03,+18 26 38.9,1.010456,1899.4,117.4,-2.9,-21.4
May 14,8983.5,15:28:47.8,+03:39.3,03 25 07.47,+18 41 12.3,1.010682,1899.0,104.1,-2.8,-21.1
May 15,8984.5,15:32:44.4,+03:38.8,03 29 04.50,+18 55 26.7,1.010906,1898.6,90.9,-2.6,-20.8
May 16,8985.5,15:36:41.0,+03:37.8,03 33 02.10,+19 09 22.1,1.011127,1898.1,77.7,-2.5,-20.6
May 17,8986.5,15:40:37.5,+03:36.1,03 37 00.28,+19 22 58.0,1.011344,1897.7,64.5,-2.4,-20.3
May 18,8987.5,15:44:34.1,+03:33.9,03 40 59.04,+19 36 14.3,1.011557,1897.3,51.2,-2.3,-20.0
May 19,8988.5,15:48:30.6,+03:31.2,03 44 58.36,+19 49 10.5,1.011766,1896.9,38.0,-2.2,-19.7
May 20,8989.5,15:52:27.2,+03:27.8,03 48 58.24,+20 01 46.6,1.011970,1896.6,24.8,-2.1,-19.4
May 21,8990.5,15:56:23.7,+03:24.0,03 52 58.67,+20 14 02.2,1.012170,1896.2,11.6,-2.0,-19.1
May 22,8991.5,16:00:20.3,+03:19.5,03 56 59.63,+20 25 57.0,1.012366,1895.8,358.3,-1.8,-18.8
May 23,8992.5,16:04:16.8,+03:14.6,04 01 01.13,+20 37 30.8,1.012556,1895.5,345.1,-1.7,-18.4
May 24,8993.5,16:08:13.4,+03:09.2,04 05 03.14,+20 48 43.4,1.012741,1895.1,331.9,-1.6,-18.1
May 25,8994.5,16:12:10.0,+03:03.2,04 09 05.65,+20 59 34.5,1.012922,1894.8,318.6,-1.5,-17.8
May 26,8995.5,16:16:06.5,+02:56.8,04 13 08.64,+21 10 03.8,1.013097,1894.4,305.4,-1.4,-17.4
May 27,8996.5,16:20:03.1,+02:49.9,04 17 12.10,+21 20 11.2,1.013268,1894.1,292.2,-1.2,-17.1
May 28,8997.5,16:23:59.6,+02:42.5,04 21 16.01,+21 29 56.4,1.013433,1893.8,278.9,-1.1,-16.7
May 29,8998.5,16:27:56.2,+02:34.7,04 25 20.35,+21 39 19.1,1.013594,1893.5,265.7,-1.0,-16.4
May 30,8999.5,16:31:52.7,+02:26.5,04 29 25.11,+21 48 19.3,1.013751,1893.2,252.5,-0.9,-16.0
May 31,9000.5,16:35:49.3,+02:17.9,04 33 30.26,+21 56 56.5,1.013904,1892.9,239.2,-0.8,-15.6
Jun 01,9001.5,16:39:45.8,+02:09.0,04 37 35.80,+22 05 10.8,1.014053,1892.7,226.0,-0.6,-15.3
Jun 02,9002.5,16:43:42.4,+01:59.6,04 41 41.72,+22 13 01.9,1.014199,1892.4,212.8,-0.5,-14.9
Jun 03,9003.5,16:47:39.0,+01:49.9,04 45 47.99,+22 20 29.6,1.014341,1892.1,199.5,-0.4,-14.5
Jun 04,9004.5,16:51:35.5,+01:39.8,04 49 54.61,+22 27 33.9,1.014481,1891.9,186.3,-0.3,-14.1
Jun 05,9005.5,16:55:32.1,+01:29.4,04 54 01.57,+22 34 14.5,1.014617,1891.6,173.1,-0.2,-13.7
Jun 06,9006.5,16:59:28.6,+01:18.7,04 58 08.85,+22 40 31.5,1.014751,1891.4,159.8,-0.0,-13.3
Jun 07,9007.5,17:03:25.2,+01:07.7,05 02 16.43,+22 46 24.6,1.014883,1891.1,146.6,0.1,-12.9
Jun 08,9008.5,17:07:21.7,+00:56.4,05 06 24.29,+22 51 53.7,1.015011,1890.9,133.4,0.2,-12.5
Jun 09,9009.5,17:11:18.3,+00:44.8,05 10 32.43,+22 56 58.8,1.015136,1890.6,120.1,0.3,-12.1
Jun 10,9010.5,17:15:14.8,+00:33.0,05 14 40.82,+23 01 39.8,1.015259,1890.4,106.9,0.4,-11.7
Jun 11,9011.5,17:19:11.4,+00:20.9,05 18 49.44,+23 05 56.4,1.015377,1890.2,93.7,0.6,-11.3
Jun 12,9012.5,17:23:08.0,+00:08.6,05 22 58.27,+23 09 48.7,1.015491,1890.0,80.4,0.7,-10.9
Jun 13,9013.5,17:27:04.5,-00:03.8,05 27 07.29,+23 13 16.5,1.015602,1889.8,67.2,0.8,-10.5
Jun 14,9014.5,17:31:01.1,-00:16.5,05 31 16.48,+23 16 19.8,1.015708,1889.6,54.0,0.9,-10.0
Jun 15,9015.5,17:34:57.6,-00:29.3,05 35 25.82,+23 18 58.5,1.015809,1889.4,40.7,1.0,-9.6
Jun 16,9016.5,17:38:54.2,-00:42.2,05 39 35.29,+23 21 12.5,1.015905,1889.2,27.5,1.2,-9.2
Jun 17,9017.5,17:42:50.7,-00:55.2,05 43 44.86,+23 23 01.8,1.015997,1889.0,14.2,1.3,-8.8
Jun 18,9018.5,17:46:47.3,-01:08.3,05 47 54.50,+23 24 26.4,1.016082,1888.9, 1.0,1.4,-8.3
Jun 19,9019.5,17:50:43.8,-01:21.4,05 52 04.20,+23 25 26.2,1.016162,1888.7,347.8,1.5,-7.9
Jun 20,9020.5,17:54:40.4,-01:34.6,05 56 13.92,+23 26 01.1,1.016237,1888.6,334.5,1.6,-7.4
Jun 21,9021.5,17:58:37.0,-01:47.7,06 00 23.64,+23 26 11.3,1.016305,1888.5,321.3,1.8,-7.0
Jun 22,9022.5,18:02:33.5,-02:00.9,06 04 33.33,+23 25 56.7,1.016367,1888.4,308.1,1.9,-6.6
Jun 23,9023.5,18:06:30.1,-02:13.9,06 08 42.96,+23 25 17.3,1.016424,1888.2,294.8,2.0,-6.1
Jun 24,9024.5,18:10:26.6,-02:26.9,06 12 52.49,+23 24 13.1,1.016474,1888.2,281.6,2.1,-5.7
Jun 25,9025.5,18:14:23.2,-02:39.7,06 17 01.91,+23 22 44.1,1.016518,1888.1,268.3,2.2,-5.2
Jun 26,9026.5,18:18:19.7,-02:52.5,06 21 11.17,+23 20 50.5,1.016557,1888.0,255.1,2.3,-4.8
Jun 27,9027.5,18:22:16.3,-03:05.0,06 25 20.27,+23 18 32.2,1.016590,1887.9,241.9,2.4,-4.3
Jun 28,9028.5,18:26:12.8,-03:17.3,06 29 29.16,+23 15 49.3,1.016618,1887.9,228.6,2.6,-3.9
Jun 29,9029.5,18:30:09.4,-03:29.5,06 33 37.83,+23 12 41.9,1.016641,1887.8,215.4,2.7,-3.4
Jun 30,9030.5,18:34:05.9,-03:41.3,06 37 46.27,+23 09 10.0,1.016659,1887.8,202.2,2.8,-3.0
Jul 01,9031.5,18:38:02.5,-03:53.0,06 41 54.44,+23 05 13.8,1.016673,1887.8,188.9,2.9,-2.5
Jul 02,9032.5,18:41:59.1,-04:04.3,06 46 02.34,+23 00 53.4,1.016684,1887.8,175.7,3.0,-2.1
Jul 03,9033.5,18:45:55.6,-04:15.3,06 50 09.94,+22 56 08.9,1.016691,1887.8,162.5,3.1,-1.6
Jul 04,9034.5,18:49:52.2,-04:26.1,06 54 17.22,+22 51 00.5,1.016694,1887.7,149.2,3.2,-1.1
Jul 05,9035.5,18:53:48.7,-04:36.4,06 58 24.18,+22 45 28.3,1.016694,1887.7,136.0,3.3,-0.7
Jul 06,9036.5,18:57:45.3,-04:46.5,07 02 30.79,+22 39 32.3,1.016690,1887.8,122.7,3.4,-0.2
Jul 07,9037.5,19:01:41.8,-04:56.2,07 06 37.04,+22 33 12.9,1.016684,1887.8,109.5,3.5,0.2
Jul 08,9038.5,19:05:38.4,-05:05.5,07 10 42.91,+22 26 30.1,1.016673,1887.8,96.3,3.6,0.7
Jul 09,9039.5,19:09:34.9,-05:14.4,07 14 48.39,+22 19 24.0,1.016659,1887.8,83.0,3.7,1.1
Jul 10,9040.5,19:13:31.5,-05:22.9,07 18 53.46,+22 11 54.9,1.016642,1887.8,69.8,3.9,1.6
Jul 11,9041.5,19:17:28.1,-05:31.0,07 22 58.11,+22 04 02.8,1.016620,1887.9,56.6,4.0,2.0
Jul 12,9042.5,19:21:24.6,-05:38.7,07 27 02.33,+21 55 48.1,1.016594,1887.9,43.3,4.1,2.5
Jul 13,9043.5,19:25:21.2,-05:45.9,07 31 06.10,+21 47 10.7,1.016563,1888.0,30.1,4.2,2.9
Jul 14,9044.5,19:29:17.7,-05:52.7,07 35 09.41,+21 38 11.0,1.016528,1888.1,16.9,4.3,3.3
Jul 15,9045.5,19:33:14.3,-05:59.0,07 39 12.25,+21 28 49.1,1.016487,1888.1, 3.6,4.3,3.8
Jul 16,9046.5,19:37:10.8,-06:04.8,07 43 14.60,+21 19 05.3,1.016442,1888.2,350.4,4.4,4.2
Jul 17,9047.5,19:41:07.4,-06:10.0,07 47 16.45,+21 08 59.7,1.016391,1888.3,337.2,4.5,4.7
Jul 18,9048.5,19:45:03.9,-06:14.8,07 51 17.79,+20 58 32.6,1.016334,1888.4,323.9,4.6,5.1
Jul 19,9049.5,19:49:00.5,-06:19.1,07 55 18.59,+20 47 44.2,1.016272,1888.5,310.7,4.7,5.5
Jul 20,9050.5,19:52:57.1,-06:22.8,07 59 18.86,+20 36 34.7,1.016203,1888.7,297.5,4.8,6.0
Jul 21,9051.5,19:56:53.6,-06:25.9,08 03 18.56,+20 25 04.5,1.016129,1888.8,284.3,4.9,6.4
Jul 22,9052.5,20:00:50.2,-06:28.5,08 07 17.70,+20 13 13.7,1.016048,1888.9,271.0,5.0,6.8
Jul 23,9053.5,20:04:46.7,-06:30.5,08 11 16.24,+20 01 02.7,1.015962,1889.1,257.8,5.1,7.3
Jul 24,9054.5,20:08:43.3,-06:31.9,08 15 14.19,+19 48 31.6,1.015870,1889.3,244.6,5.2,7.7
Jul 25,9055.5,20:12:39.8,-06:32.7,08 19 11.53,+19 35 40.7,1.015772,1889.5,231.3,5.2,8.1
Jul 26,9056.5,20:16:36.4,-06:32.8,08 23 08.26,+19 22 30.4,1.015668,1889.7,218.1,5.3,8.5
Jul 27,9057.5,20:20:32.9,-06:32.4,08 27 04.36,+19 09 00.8,1.015560,1889.9,204.9,5.4,8.9
Jul 28,9058.5,20:24:29.5,-06:31.3,08 30 59.85,+18 55 12.3,1.015447,1890.1,191.7,5.5,9.4
Jul 29,9059.5,20:28:26.1,-06:29.6,08 34 54.71,+18 41 05.1,1.015329,1890.3,178.4,5.6,9.8
Jul 30,9060.5,20:32:22.6,-06:27.3,08 38 48.95,+18 26 39.6,1.015208,1890.5,165.2,5.6,10.2
Jul 31,9061.5,20:36:19.2,-06:24.4,08 42 42.57,+18 11 56.0,1.015083,1890.7,152.0,5.7,10.6
Aug 01,9062.5,20:40:15.7,-06:20.8,08 46 35.57,+17 56 54.7,1.014955,1891.0,138.7,5.8,11.0
Aug 02,9063.5,20:44:12.3,-06:16.6,08 50 27.95,+17 41 35.9,1.014824,1891.2,125.5,5.9,11.4
Aug 03,9064.5,20:48:08.8,-06:11.8,08 54 19.71,+17 25 59.8,1.014690,1891.5,112.3,5.9,11.7
Aug 04,9065.5,20:52:05.4,-06:06.4,08 58 10.86,+17 10 06.9,1.014553,1891.7,99.1,6.0,12.1
Aug 05,9066.5,20:56:01.9,-06:00.4,09 02 01.41,+16 53 57.4,1.014413,1892.0,85.8,6.1,12.5
Aug 06,9067.5,20:59:58.5,-05:53.8,09 05 51.37,+16 37 31.5,1.014270,1892.3,72.6,6.1,12.9
Aug 07,9068.5,21:03:55.1,-05:46.6,09 09 40.73,+16 20 49.5,1.014125,1892.5,59.4,6.2,13.3
Aug 08,9069.5,21:07:51.6,-05:38.9,09 13 29.52,+16 03 51.7,1.013976,1892.8,46.2,6.3,13.6
Aug 09,9070.5,21:11:48.2,-05:30.5,09 17 17.74,+15 46 38.5,1.013824,1893.1,33.0,6.3,14.0
Aug 10,9071.5,21:15:44.7,-05:21.6,09 21 05.39,+15 29 10.0,1.013668,1893.4,19.7,6.4,14.4
Aug 11,9072.5,21:19:41.3,-05:12.2,09 24 52.49,+15 11 26.6,1.013509,1893.7, 6.5,6.4,14.7
Aug 12,9073.5,21:23:37.8,-05:02.2,09 28 39.05,+14 53 28.6,1.013346,1894.0,353.3,6.5,15.1
Aug 13,9074.5,21:27:34.4,-04:51.7,09 32 25.07,+14 35 16.2,1.013180,1894.3,340.1,6.5,15.4
Aug 14,9075.5,21:31:30.9,-04:40.6,09 36 10.56,+14 16 49.9,1.013009,1894.6,326.8,6.6,15.8
Aug 15,9076.5,21:35:27.5,-04:29.0,09 39 55.53,+13 58 09.8,1.012834,1894.9,313.6,6.6,16.1
Aug 16,9077.5,21:39:24.1,-04:16.9,09 43 39.99,+13 39 16.4,1.012654,1895.3,300.4,6.7,16.4
Aug 17,9078.5,21:43:20.6,-04:04.3,09 47 23.93,+13 20 09.9,1.012469,1895.6,287.2,6.7,16.8
Aug 18,9079.5,21:47:17.2,-03:51.2,09 51 07.38,+13 00 50.7,1.012280,1896.0,274.0,6.8,17.1
Aug 19,9080.5,21:51:13.7,-03:37.6,09 54 50.33,+12 41 19.1,1.012086,1896.3,260.8,6.8,17.4
Aug 20,9081.5,21:55:10.3,-03:23.5,09 58 32.79,+12 21 35.5,1.011886,1896.7,247.5,6.9,17.7
Aug 21,9082.5,21:59:06.8,-03:08.9,10 02 14.77,+12 01 40.1,1.011682,1897.1,234.3,6.9,18.1
Aug 22,9083.5,22:03:03.4,-02:53.9,10 05 56.28,+11 41 33.3,1.011472,1897.5,221.1,6.9,18.4
Aug 23,9084.5,22:06:59.9,-02:38.4,10 09 37.32,+11 21 15.4,1.011259,1897.9,207.9,7.0,18.7
Aug 24,9085.5,22:10:56.5,-02:22.4,10 13 17.92,+11 00 46.8,1.011041,1898.3,194.7,7.0,19.0
Aug 25,9086.5,22:14:53.1,-02:06.0,10 16 58.08,+10 40 07.8,1.010819,1898.7,181.5,7.0,19.3
Aug 26,9087.5,22:18:49.6,-01:49.2,10 20 37.81,+10 19 18.8,1.010593,1899.1,168.3,7.1,19.5
Aug 27,9088.5,22:22:46.2,-01:32.0,10 24 17.14,+09 58 20.0,1.010365,1899.6,155.1,7.1,19.8
Aug 28,9089.5,22:26:42.7,-01:14.3,10 27 56.08,+09 37 11.8,1.010134,1900.0,141.8,7.1,20.1
Aug 29,9090.5,22:30:39.3,-00:56.3,10 31 34.64,+09 15 54.6,1.009901,1900.4,128.6,7.1,20.4
Aug 30,9091.5,22:34:35.8,-00:38.0,10 35 12.84,+08 54 28.6,1.009666,1900.9,115.4,7.2,20.6
Aug 31,9092.5,22:38:32.4,-00:19.3,10 38 50.70,+08 32 54.2,1.009429,1901.3,102.2,7.2,20.9
Sep 01,9093.5,22:42:28.9,-00:00.3,10 42 28.25,+08 11 11.7,1.009190,1901.8,89.0,7.2,21.1
Sep 02,9094.5,22:46:25.5,+00:19.0,10 46 05.49,+07 49 21.4,1.008950,1902.2,75.8,7.2,21.4
Sep 03,9095.5,22:50:22.1,+00:38.6,10 49 42.45,+07 27 23.5,1.008708,1902.7,62.6,7.2,21.6
Sep 04,9096.5,22:54:18.6,+00:58.5,10 53 19.16,+07 05 18.4,1.008466,1903.1,49.4,7.2,21.9
Sep 05,9097.5,22:58:15.2,+01:18.5,10 56 55.63,+06 43 06.4,1.008221,1903.6,36.2,7.2,22.1
Sep 06,9098.5,23:02:11.7,+01:38.8,11 00 31.88,+06 20 47.8,1.007976,1904.1,23.0,7.2,22.3
Sep 07,9099.5,23:06:08.3,+01:59.3,11 04 07.94,+05 58 22.8,1.007729,1904.5, 9.7,7.2,22.5
Sep 08,9100.5,23:10:04.8,+02:20.0,11 07 43.83,+05 35 51.8,1.007480,1905.0,356.5,7.2,22.8
Sep 09,9101.5,23:14:01.4,+02:40.8,11 11 19.57,+05 13 15.1,1.007230,1905.5,343.3,7.2,23.0
Sep 10,9102.5,23:17:57.9,+03:01.7,11 14 55.18,+04 50 33.0,1.006978,1906.0,330.1,7.2,23.2
Sep 11,9103.5,23:21:54.5,+03:22.8,11 18 30.68,+04 27 45.9,1.006724,1906.4,316.9,7.2,23.4
Sep 12,9104.5,23:25:51.0,+03:44.0,11 22 06.08,+04 04 54.0,1.006467,1906.9,303.7,7.2,23.6
Sep 13,9105.5,23:29:47.6,+04:05.2,11 25 41.41,+03 41 57.6,1.006209,1907.4,290.5,7.2,23.7
Sep 14,9106.5,23:33:44.2,+04:26.5,11 29 16.68,+03 18 57.2,1.005947,1907.9,277.3,7.2,23.9
Sep 15,9107.5,23:37:40.7,+04:47.8,11 32 51.91,+02 55 53.1,1.005683,1908.4,264.1,7.2,24.1
Sep 16,9108.5,23:41:37.3,+05:09.1,11 36 27.11,+02 32 45.5,1.005416,1908.9,250.9,7.2,24.3
Sep 17,9109.5,23:45:33.8,+05:30.5,11 40 02.30,+02 09 34.9,1.005146,1909.4,237.7,7.2,24.4
Sep 18,9110.5,23:49:30.4,+05:51.9,11 43 37.50,+01 46 21.6,1.004873,1909.9,224.5,7.2,24.6
Sep 19,9111.5,23:53:26.9,+06:13.2,11 47 12.72,+01 23 06.0,1.004597,1910.5,211.3,7.1,24.7
Sep 20,9112.5,23:57:23.5,+06:34.5,11 50 47.99,+00 59 48.4,1.004317,1911.0,198.1,7.1,24.9
Sep 21,9113.5,00:01:20.0,+06:55.7,11 54 23.30,+00 36 29.1,1.004035,1911.5,184.9,7.1,25.0
Sep 22,9114.5,00:05:16.6,+07:16.9,11 57 58.70,+00 13 08.6,1.003751,1912.1,171.7,7.1,25.1
Sep 23,9115.5,00:09:13.2,+07:37.9,12 01 34.19,-00 10 12.7,1.003465,1912.6,158.5,7.0,25.2
Sep 24,9116.5,00:13:09.7,+07:58.9,12 05 09.79,-00 33 34.6,1.003178,1913.2,145.3,7.0,25.4
Sep 25,9117.5,00:17:06.3,+08:19.7,12 08 45.53,-00 56 56.7,1.002889,1913.7,132.1,7.0,25.5
Sep 26,9118.5,00:21:02.8,+08:40.4,12 12 21.41,-01 20 18.5,1.002600,1914.3,118.9,6.9,25.6
Sep 27,9119.5,00:24:59.4,+09:00.9,12 15 57.47,-01 43 39.9,1.002311,1914.8,105.7,6.9,25.7
Sep 28,9120.5,00:28:55.9,+09:21.2,12 19 33.72,-02 07 00.4,1.002021,1915.4,92.5,6.8,25.8
Sep 29,9121.5,00:32:52.5,+09:41.3,12 23 10.19,-02 30 19.6,1.001732,1915.9,79.3,6.8,25.8
Sep 30,9122.5,00:36:49.0,+10:01.1,12 26 46.90,-02 53 37.4,1.001443,1916.5,66.1,6.8,25.9
Oct 01,9123.5,00:40:45.6,+10:20.7,12 30 23.88,-03 16 53.3,1.001155,1917.0,52.9,6.7,26.0
Oct 02,9124.5,00:44:42.2,+10:39.9,12 34 01.15,-03 40 06.9,1.000868,1917.6,39.7,6.7,26.0
Oct 03,9125.5,00:48:38.7,+10:58.9,12 37 38.73,-04 03 18.1,1.000582,1918.1,26.5,6.6,26.1
Oct 04,9126.5,00:52:35.3,+11:17.5,12 41 16.65,-04 26 26.5,1.000296,1918.7,13.3,6.6,26.1
Oct 05,9127.5,00:56:31.8,+11:35.8,12 44 54.93,-04 49 31.6,1.000012,1919.2, 0.2,6.5,26.2
Oct 06,9128.5,01:00:28.4,+11:53.7,12 48 33.60,-05 12 33.3,0.999728,1919.8,347.0,6.4,26.2
Oct 07,9129.5,01:04:24.9,+12:11.2,12 52 12.67,-05 35 31.0,0.999446,1920.3,333.8,6.4,26.2
Oct 08,9130.5,01:08:21.5,+12:28.2,12 55 52.18,-05 58 24.6,0.999164,1920.9,320.6,6.3,26.2
Oct 09,9131.5,01:12:18.0,+12:44.8,12 59 32.13,-06 21 13.7,0.998883,1921.4,307.4,6.3,26.3
Oct 10,9132.5,01:16:14.6,+13:01.0,13 03 12.55,-06 43 57.8,0.998602,1921.9,294.2,6.2,26.3
Oct 11,9133.5,01:20:11.2,+13:16.6,13 06 53.45,-07 06 36.6,0.998322,1922.5,281.0,6.1,26.3
Oct 12,9134.5,01:24:07.7,+13:31.8,13 10 34.87,-07 29 09.8,0.998042,1923.0,267.8,6.1,26.2
Oct 13,9135.5,01:28:04.3,+13:46.4,13 14 16.80,-07 51 37.0,0.997761,1923.6,254.6,6.0,26.2
Oct 14,9136.5,01:32:00.8,+14:00.5,13 17 59.28,-08 13 57.7,0.997481,1924.1,241.4,5.9,26.2
Oct 15,9137.5,01:35:57.4,+14:14.0,13 21 42.30,-08 36 11.6,0.997200,1924.6,228.2,5.9,26.2
Oct 16,9138.5,01:39:53.9,+14:26.9,13 25 25.90,-08 58 18.3,0.996918,1925.2,215.0,5.8,26.1
Oct 17,9139.5,01:43:50.5,+14:39.3,13 29 10.09,-09 20 17.4,0.996635,1925.7,201.8,5.7,26.1
Oct 18,9140.5,01:47:47.0,+14:51.1,13 32 54.87,-09 42 08.4,0.996352,1926.3,188.7,5.6,26.0
Oct 19,9141.5,01:51:43.6,+15:02.2,13 36 40.27,-10 03 51.0,0.996069,1926.8,175.5,5.5,26.0
Oct 20,9142.5,01:55:40.1,+15:12.8,13 40 26.29,-10 25 24.8,0.995785,1927.4,162.3,5.5,25.9
Oct 21,9143.5,01:59:36.7,+15:22.7,13 44 12.94,-10 46 49.3,0.995501,1927.9,149.1,5.4,25.8
Oct 22,9144.5,02:03:33.3,+15:31.9,13 48 00.24,-11 08 04.0,0.995217,1928.5,135.9,5.3,25.7
Oct 23,9145.5,02:07:29.8,+15:40.5,13 51 48.20,-11 29 08.7,0.994935,1929.0,122.7,5.2,25.6
Oct 24,9146.5,02:11:26.4,+15:48.4,13 55 36.84,-11 50 02.8,0.994654,1929.6,109.5,5.1,25.5
Oct 25,9147.5,02:15:22.9,+15:55.7,13 59 26.16,-12 10 46.1,0.994374,1930.1,96.3,5.0,25.4
Oct 26,9148.5,02:19:19.5,+16:02.2,14 03 16.17,-12 31 18.0,0.994096,1930.7,83.1,4.9,25.3
Oct 27,9149.5,02:23:16.0,+16:08.0,14 07 06.91,-12 51 38.2,0.993821,1931.2,70.0,4.8,25.2
Oct 28,9150.5,02:27:12.6,+16:13.1,14 10 58.38,-13 11 46.3,0.993548,1931.7,56.8,4.8,25.0
Oct 29,9151.5,02:31:09.1,+16:17.4,14 14 50.59,-13 31 41.9,0.993278,1932.2,43.6,4.7,24.9
Oct 30,9152.5,02:35:05.7,+16:21.0,14 18 43.57,-13 51 24.6,0.993012,1932.8,30.4,4.6,24.7
Oct 31,9153.5,02:39:02.3,+16:23.8,14 22 37.33,-14 10 54.1,0.992748,1933.3,17.2,4.5,24.6
Nov 01,9154.5,02:42:58.8,+16:25.8,14 26 31.87,-14 30 10.0,0.992488,1933.8, 4.0,4.4,24.4
Nov 02,9155.5,02:46:55.4,+16:27.0,14 30 27.22,-14 49 11.9,0.992231,1934.3,350.8,4.3,24.2
Nov 03,9156.5,02:50:51.9,+16:27.4,14 34 23.39,-15 07 59.4,0.991977,1934.8,337.7,4.2,24.1
Nov 04,9157.5,02:54:48.5,+16:27.0,14 38 20.38,-15 26 32.2,0.991727,1935.3,324.5,4.1,23.9
Nov 05,9158.5,02:58:45.0,+16:25.7,14 42 18.21,-15 44 49.8,0.991480,1935.8,311.3,3.9,23.7
Nov 06,9159.5,03:02:41.6,+16:23.6,14 46 16.88,-16 02 51.8,0.991237,1936.2,298.1,3.8,23.5
Nov 07,9160.5,03:06:38.1,+16:20.6,14 50 16.40,-16 20 38.0,0.990997,1936.7,284.9,3.7,23.3
Nov 08,9161.5,03:10:34.7,+16:16.8,14 54 16.78,-16 38 07.7,0.990760,1937.2,271.7,3.6,23.0
Nov 09,9162.5,03:14:31.3,+16:12.1,14 58 18.02,-16 55 20.8,0.990526,1937.6,258.5,3.5,22.8
Nov 10,9163.5,03:18:27.8,+16:06.6,15 02 20.12,-17 12 16.7,0.990295,1938.1,245.4,3.4,22.6
Nov 11,9164.5,03:22:24.4,+16:00.2,15 06 23.09,-17 28 55.0,0.990066,1938.5,232.2,3.3,22.3
Nov 12,9165.5,03:26:20.9,+15:52.9,15 10 26.92,-17 45 15.4,0.989839,1939.0,219.0,3.2,22.1
Nov 13,9166.5,03:30:17.5,+15:44.7,15 14 31.62,-18 01 17.4,0.989614,1939.4,205.8,3.1,21.8
Nov 14,9167.5,03:34:14.0,+15:35.7,15 18 37.19,-18 17 00.6,0.989391,1939.8,192.6,2.9,21.6
Nov 15,9168.5,03:38:10.6,+15:25.9,15 22 43.61,-18 32 24.7,0.989170,1940.3,179.4,2.8,21.3
Nov 16,9169.5,03:42:07.1,+15:15.1,15 26 50.88,-18 47 29.1,0.988950,1940.7,166.3,2.7,21.0
Nov 17,9170.5,03:46:03.7,+15:03.6,15 30 59.00,-19 02 13.6,0.988732,1941.1,153.1,2.6,20.7
Nov 18,9171.5,03:50:00.3,+14:51.2,15 35 07.94,-19 16 37.6,0.988516,1941.6,139.9,2.5,20.4
Nov 19,9172.5,03:53:56.8,+14:38.0,15 39 17.69,-19 30 40.8,0.988302,1942.0,126.7,2.3,20.1
Nov 20,9173.5,03:57:53.4,+14:24.0,15 43 28.24,-19 44 22.9,0.988091,1942.4,113.5,2.2,19.8
Nov 21,9174.5,04:01:49.9,+14:09.3,15 47 39.58,-19 57 43.3,0.987882,1942.8,100.4,2.1,19.5
Nov 22,9175.5,04:05:46.5,+13:53.7,15 51 51.71,-20 10 41.8,0.987677,1943.2,87.2,2.0,19.2
Nov 23,9176.5,04:09:43.0,+13:37.4,15 56 04.60,-20 23 18.0,0.987476,1943.6,74.0,1.9,18.8
Nov 24,9177.5,04:13:39.6,+13:20.3,16 00 18.25,-20 35 31.5,0.987278,1944.0,60.8,1.7,18.5
Nov 25,9178.5,04:17:36.1,+13:02.4,16 04 32.65,-20 47 22.1,0.987085,1944.4,47.6,1.6,18.1
Nov 26,9179.5,04:21:32.7,+12:43.8,16 08 47.78,-20 58 49.3,0.986897,1944.7,34.4,1.5,17.8
Nov 27,9180.5,04:25:29.3,+12:24.5,16 13 03.63,-21 09 52.9,0.986713,1945.1,21.3,1.4,17.4
Nov 28,9181.5,04:29:25.8,+12:04.5,16 17 20.21,-21 20 32.5,0.986534,1945.5, 8.1,1.2,17.1
Nov 29,9182.5,04:33:22.4,+11:43.8,16 21 37.46,-21 30 48.0,0.986360,1945.8,354.9,1.1,16.7
Nov 30,9183.5,04:37:18.9,+11:22.4,16 25 55.41,-21 40 38.9,0.986192,1946.1,341.7,1.0,16.3
Dec 01,9184.5,04:41:15.5,+11:00.4,16 30 14.02,-21 50 05.0,0.986029,1946.5,328.5,0.9,15.9
Dec 02,9185.5,04:45:12.0,+10:37.7,16 34 33.27,-21 59 06.1,0.985871,1946.8,315.4,0.7,15.5
Dec 03,9186.5,04:49:08.6,+10:14.4,16 38 53.15,-22 07 41.9,0.985719,1947.1,302.2,0.6,15.2
Dec 04,9187.5,04:53:05.1,+09:50.4,16 43 13.64,-22 15 52.2,0.985573,1947.4,289.0,0.5,14.8
Dec 05,9188.5,04:57:01.7,+09:25.9,16 47 34.71,-22 23 36.6,0.985432,1947.6,275.8,0.3,14.3
Dec 06,9189.5,05:00:58.3,+09:00.9,16 51 56.33,-22 30 54.9,0.985296,1947.9,262.7,0.2,13.9
Dec 07,9190.5,05:04:54.8,+08:35.3,16 56 18.50,-22 37 47.0,0.985165,1948.2,249.5,0.1,13.5
Dec 08,9191.5,05:08:51.4,+08:09.1,17 00 41.18,-22 44 12.5,0.985039,1948.4,236.3,-0.0,13.1
Dec 09,9192.5,05:12:47.9,+07:42.5,17 05 04.35,-22 50 11.3,0.984918,1948.7,223.1,-0.2,12.7
Dec 10,9193.5,05:16:44.5,+07:15.4,17 09 27.98,-22 55 43.2,0.984800,1948.9,210.0,-0.3,12.2
Dec 11,9194.5,05:20:41.0,+06:47.9,17 13 52.04,-23 00 48.0,0.984687,1949.1,196.8,-0.4,11.8
Dec 12,9195.5,05:24:37.6,+06:20.0,17 18 16.50,-23 05 25.4,0.984578,1949.3,183.6,-0.5,11.4
Dec 13,9196.5,05:28:34.1,+05:51.8,17 22 41.33,-23 09 35.3,0.984472,1949.5,170.4,-0.7,10.9
Dec 14,9197.5,05:32:30.7,+05:23.2,17 27 06.49,-23 13 17.7,0.984369,1949.7,157.2,-0.8,10.5
Dec 15,9198.5,05:36:27.3,+04:54.3,17 31 31.94,-23 16 32.3,0.984269,1949.9,144.1,-0.9,10.0
Dec 16,9199.5,05:40:23.8,+04:25.1,17 35 57.65,-23 19 19.0,0.984173,1950.1,130.9,-1.1,9.6
Dec 17,9200.5,05:44:20.4,+03:55.8,17 40 23.56,-23 21 37.8,0.984080,1950.3,117.7,-1.2,9.1
Dec 18,9201.5,05:48:16.9,+03:26.3,17 44 49.65,-23 23 28.4,0.983991,1950.5,104.6,-1.3,8.6
Dec 19,9202.5,05:52:13.5,+02:56.6,17 49 15.87,-23 24 50.9,0.983905,1950.7,91.4,-1.4,8.2
Dec 20,9203.5,05:56:10.0,+02:26.8,17 53 42.19,-23 25 45.2,0.983824,1950.8,78.2,-1.6,7.7
Dec 21,9204.5,06:00:06.6,+01:57.0,17 58 08.57,-23 26 11.2,0.983747,1951.0,65.0,-1.7,7.2
Dec 22,9205.5,06:04:03.1,+01:27.2,18 02 34.98,-23 26 08.9,0.983675,1951.1,51.9,-1.8,6.8
Dec 23,9206.5,06:07:59.7,+00:57.3,18 07 01.38,-23 25 38.3,0.983608,1951.2,38.7,-1.9,6.3
Dec 24,9207.5,06:11:56.2,+00:27.5,18 11 27.75,-23 24 39.4,0.983546,1951.4,25.5,-2.1,5.8
Dec 25,9208.5,06:15:52.8,-00:02.3,18 15 54.05,-23 23 12.3,0.983490,1951.5,12.3,-2.2,5.3
Dec 26,9209.5,06:19:49.4,-00:31.9,18 20 20.25,-23 21 17.0,0.983439,1951.6,359.2,-2.3,4.9
Dec 27,9210.5,06:23:45.9,-01:01.4,18 24 46.32,-23 18 53.5,0.983395,1951.7,346.0,-2.4,4.4
Dec 28,9211.5,06:27:42.5,-01:30.8,18 29 12.22,-23 16 01.9,0.983356,1951.7,332.8,-2.6,3.9
Dec 29,9212.5,06:31:39.0,-01:59.9,18 33 37.93,-23 12 42.4,0.983324,1951.8,319.7,-2.7,3.4
Dec 30,9213.5,06:35:35.6,-02:28.8,18 38 03.42,-23 08 55.1,0.983298,1951.9,306.5,-2.8,2.9
Dec 31,9214.5,06:39:32.1,-02:57.5,18 42 28.65,-23 04 40.0,0.983278,1951.9,293.3,-2.9,2.4